"Qual a duração do curso de Letras Português - EAD - Segunda Licenciatura na UCS?", "4 anos"
"Quais os turnos do curso de Letras Português - EAD - Segunda Licenciatura na UCS?", "noite"
"Qual o objetivo de estudo do curso de Letras Português - EAD - Segunda Licenciatura na UCS", "Planejamento, estruturação, comando e controle de organizações privadas e públicas."
"Qual o campo de atuação do curso de Letras Português - EAD - Segunda Licenciatura na UCS?", "Organizações privadas e públicas e como profissional liberal em assessorias e auditorias."
"O que faz um formado do curso de Letras Português - EAD - Segunda Licenciatura na UCS?", "Cuida de todas as operações de uma organização, desde a estruturação de seus recursos humanos, materiais e financeiros até o desenvolvimento de estratégias de mercado. O administrador ajuda a definir, analisar e cumprir metas da organização. Conduz as relações entre empresa e empregados, desenvolvendo e implementando planos de carreira e programas de benefícios. Coordena a compra de matérias-primas e insumos, controlando sua estocagem, qualidade e reposição. Cuida, também, dos custos e orçamentos de fluxo de caixa. Desenvolve ações de marketing, promovendo a venda dos produtos ou serviços da organização."
